0.0
0.0
3.0800214E-24
9.7863405E-5
9.7863405E-5
0.121552184
0.37590998
0.37590998
0.30507407
0.25300068
0.21481384
0.22943133
0.2078047
0.2078047
0.21172896
0.2069938
0.2069938
0.21134742
0.23630105
0.22190002
0.23606427
0.23606427
0.21873917
0.24377935
0.21696956
0.21696956
0.2277717
0.22893268
0.22133163
0.21329072
0.21329072
0.21643631
0.21015939
0.22558616
0.22558616
0.21451327
0.19314206
0.20983982
0.20983982
0.1912035
0.21266107
0.1879586
0.21611317
0.21611317
0.19371653
0.22670954
0.2043013
0.2043013
0.2352022
0.20481607
0.21962622
0.21962622
0.23309344
0.21605958
0.2333169
0.2333169
0.23490801
0.28142622
0.22051439
0.25466618
0.25466618
0.23596881
0.28431237
0.26586217
0.26586217
0.2508603
0.22649601
0.19593924
0.27880257
0.2176949
0.19374028
0.19374028
0.22303824
0.2675252
0.24551257
0.24320376
0.24320376
0.22995096
0.25345674
0.25345674
0.2786692
0.28247097
0.2808552
0.2808552
0.2785305
0.288353
0.28682616
0.28682616
0.2698739
0.26649445
0.25255626
0.25255626
0.26036882
0.23330885
0.21934369
0.21934369
0.18598206
0.18102972
0.18102972
0.17780055
0.18608601
0.1819535
0.16520011
0.17601205
0.15540533
0.1621596
0.1621596
0.15263106
0.13764891
0.13764891
0.13605951
0.13642563
0.13502166
0.13502166
0.12744792
0.122538514
0.11285935
0.11285935
0.116321445
0.11034802
0.1053571
0.1053571
0.10648795
0.10063389
0.103588276
0.103588276
0.09226893
0.091980636
0.091980636
0.09306256
0.087491274
0.09391696
0.08018706
0.08018706
0.0782249
0.08096562
0.07691824
0.07483645
0.07368814
0.07388056
0.07208262
0.11341284
0.07395843
0.080328934
0.080328934
0.07595802
0.09529394
0.072560206
0.07996212
0.070639454
0.067832425
0.075924106
0.06320474
0.06320474
0.071359165
0.07038159
0.075498454
0.075498454
0.061139032
0.06892749
0.052522242
0.055908844
0.05961659
0.046492983
0.054118864
0.04870945
0.059682492
0.056197073
0.046632253
0.05453733
0.05746451
0.050733004
0.050733004
0.05434985
0.05434985
0.059375703
0.051789925
0.05699982
0.05956075
0.05956075
0.05149091
0.06961456
0.07008192
0.07008192
0.074531876
0.07319325
0.07709116
0.07709116
0.06185299
0.079473935
0.068996966
0.17342797
0.15627399
0.14241041
0.17177701
0.17441978
0.17441978
0.1557183
0.16347227
0.14700603
0.14700603
0.16370851
0.14973946
0.14973946
0.16820782
0.1428285
0.15944573
0.13542177
0.1248336
0.15241541
0.1442752
0.1442752
0.14397359
0.11775814
0.11775814
0.10628413
0.12342316
0.11020632
0.11020632
0.12333614
0.112514004
0.12125499
0.11494972
0.11494972
0.11966066
0.12503828
0.12299874
0.14401779
0.14401779
0.1228545
0.1501703
0.11608158
0.11608158
0.124800794
0.1456136
0.12798384
0.13507392
0.13507392
0.11941225
0.15470669
0.15066992
0.15066992
0.15028897
0.1282271
0.13629729
0.14627331
0.14627331
0.14809877
0.15484688
0.1277791
0.1305338
0.17077255
0.12484318
0.16648369
0.13109177
0.16365734
0.1471266
0.16847476
0.16847476
0.17413026
0.16672844
0.15727916
0.15727916
0.14167678
0.14167678
0.1664757
0.1664757
0.15173092
0.15979356
0.16282326
0.12568611
0.12568611
0.16870195
0.147342
0.2326428
0.2326428
0.41778225
0.25126135
0.25126135
0.26467526
0.28590944
0.24626814
0.24462655
0.24462655
0.21641548
0.24714512
0.22237319
0.22237319
0.2073378
0.24269097
0.2124653
0.2189425
0.2065512
0.19454111
0.20784906
0.2127281
0.22392192
0.20526455
0.22499847
0.22423759
0.22423759
0.22337252
0.22099274
0.22250465
0.22250465
0.2053808
0.23350698
0.23350698
0.20322606
0.22996834
0.2245213
0.2245213
0.22962797
0.22901838
0.23293905
0.21084832
0.21084832
0.21773823
0.21421586
0.18258241
0.18829638
0.19572347
0.19951357
0.19951357
0.20681943
0.25858942
0.22402517
0.22402517
0.23567057
0.26349324
0.21501087
0.21501087
0.24696533
0.25612405
0.26981503
0.2750402
0.26201534
0.26201534
0.22846396
0.2491812
0.25971478
0.23341125
0.2238724
0.21107721
0.21107721
0.21107721
0.24514483
0.23109971
0.1756312
0.1756312
0.21460551
0.22100139
0.20032567
0.18655983
0.19007061
0.19007061
0.19007061
0.20555076
0.16493739
0.20322353
0.18459831
0.18459831
0.17392722
0.17223682
0.15592714
0.15592714
0.1596577
0.15171441
0.14951405
0.13665672
0.11737097
0.116937265
0.116937265
0.110915564
0.10404115
0.10775257
0.10775257
0.11990664
0.09842667
0.09418103
0.098281495
0.098763965
0.100437336
0.09583794
0.09789777
0.096774265
0.096774265
0.08803978
0.09867212
0.10084977
0.0949644
0.0949644
0.100110464
0.09932724
0.09932724
0.10501845
0.107161306
0.1019968
0.1019968
0.10276343
0.11295438
0.11295375
0.11042767
0.11548651
0.11355556
0.11355477
0.11355477
0.11022997
0.10952844
0.16299048
0.15888697
0.15888697
0.10292934
0.13125168
0.1465514
0.1465514
0.14180318
0.13454983
0.12380643
0.07133974
0.08311149
0.06433615
0.060444158
0.060444158
0.079397276
0.07980937
0.08258976
0.08258976
0.073290706
0.061390795
0.06158285
0.06266393
0.06266393
0.06266393
0.047922574
0.041090734
0.03650949
0.035761353
0.035761353
0.034331214
0.031342193
0.03954248
0.03954248
0.03724772
0.043664843
0.043703802
0.03676409
0.03676409
0.037499107
0.03334889
0.04366625
0.04366625
0.038598523
0.034154445
0.041438185
0.047003634
0.047003634
0.04740638
0.053249888
0.090679795
0.09845573
0.079074144
0.113053076
0.13802181
0.10784267
0.099565715
0.099565715
0.14263028
0.14263028
0.14323652
0.11005539
0.15820105
0.15820105
0.15795985
0.15168642
0.14245218
0.14245218
0.15438548
0.13839738
0.10585445
0.117276266
0.117276266
0.12678751
0.13537417
0.12315039
0.12315039
0.12315039
0.124156736
0.119369045
0.14087546
0.13913746
0.13913746
0.1411182
0.11164333
0.11164333
0.10185846
0.10185846
0.13619515
0.12845415
0.13465822
0.13465822
0.12618105
0.15282089
0.15282089
0.13031259
0.1186185
0.13737789
0.14479588
0.14479588
0.111843556
0.12394507
0.06693046
0.10291711
0.10291711
0.098876774
0.08566333
0.097215086
0.0953603
0.0854805
0.07735223
0.08490181
0.11169001
0.11169001
0.091003165
0.08804518
0.08804518
0.09449422
0.09593634
0.09593634
0.12016627
0.11264278
0.11041115
0.08976287
0.08976287
0.11647863
0.12404768
0.12404768
0.13529393
0.1396212
0.12023007
0.15730554
0.15730554
0.15467061
0.23078679
0.37026116
0.37026116
0.37026116
0.30997086
0.323403
0.28760445
0.21433252
0.32845262
0.1902698
0.1902698
0.34817976
0.2061612
0.3970807
0.29311025
0.29311025
0.3317685
0.22498775
0.22498775
0.20041108
0.23533487
0.2072135
0.2072135
0.21694504
0.22836253
0.20147493
0.20147493
0.20946847
0.2013164
0.20431203
0.20431203
0.22982049
0.1958783
0.21521495
0.21521495
0.303966
0.33065912
0.32812464
0.33322296
0.31027985
0.31027985
0.31569377
0.27448767
0.3225516
0.30627355
0.30626595
0.30626595
0.2873497
0.32906845
0.32906845
0.25643247
0.2749107
0.24371219
0.24371219
0.2415257
0.27568474
0.23111866
0.2317652
0.2317652
0.24693872
0.265127
0.22836998
0.22836998
0.25515655
0.27845734
0.26965347
0.26965347
0.26136613
0.28118238
0.30203438
0.29256713
0.29256713
0.26253322
0.21601929
0.20119198
0.20119198
0.18416403
0.27955434
0.27795133
0.27795133
0.30126697
0.2727601
0.30136645
0.3570462
0.3570462
0.19204757
0.26500994
0.20975637
0.20975637
0.1668624
0.120616026
0.1828238
0.1828238
0.13593784
0.19600041
0.19600041
0.17733891
0.17133227
0.15882589
0.16756023
0.16756023
0.14788154
0.15441838
0.08355206
0.07474262
0.032966707
0.032966707
0.030981703
0.025863767
0.025863767
0.026202725
0.1554783
0.1116356
0.1116356
0.15726046
0.13120064
0.1629402
0.17098911
0.17098911
0.14159088
0.08719956
0.08719956
0.07770446
0.09485303
0.10143509
0.09442386
0.09442386
0.08742355
0.081043325
0.04099099
0.018873703
0.018873703
0.012609232
0.010446278
0.008588791
0.008588791
0.11866318
0.10567718
0.08468129
0.08369023
0.08369023
0.08369023
0.06789702
0.055077504
0.06614137
0.06053909
0.06053909
0.053453952
0.029834393
0.04796291
0.04796291
0.013363099
0.016998578
0.020122536
0.020122536
0.011179268
0.009141479
0.009167361
0.009167361
0.010415801
0.007877306
0.0124131935
0.009085765
0.009085765
0.014341764
0.009938322
0.009938322
0.008865723
0.021452785
0.044104304
0.044104304
0.049698688
0.02668301
0.01725826
0.022912737
0.022912737
0.02014034
0.029626897
0.029626897
0.014959853
0.011286799
0.015011452
0.014418301
0.03726083
0.010716077
0.010716077
0.035148658
0.03695836
0.03211991
0.03211991
0.031979624
0.027247773
0.015256535
0.015256535
0.036346667
0.12814206
0.12989733
0.12989733
0.10539006
0.08789528
0.08964498
0.08964498
0.09708073
0.10767627
0.08047977
0.06681787
0.06681787
0.080082975
0.080082975
0.018605502
0.01718884
0.038416337
0.019059096
0.019059096
0.020010762
0.031056935
0.023161989
0.026387589
0.01754222
0.03185724
0.10009622
0.067001395
0.067001395
0.07612973
0.07498482
0.08497893
0.08497893
0.08390546
0.101340815
0.06677896
0.06677896
0.11377153
0.10863201
0.09610984
0.09610984
0.1104057
0.0921251
0.06542833
0.06542833
0.025363062
0.028182507
0.023611307
0.028867647
0.028867647
0.014730163
0.035299778
0.038902134
0.038902134
0.015156535
0.016916675
0.010194506
0.0070849275
0.0070849275
0.028821394
0.05540975
0.032242693
0.032242693
0.027435288
0.033459105
0.018094674
0.018094674
0.01958099
0.02693541
0.028110147
0.0314273
0.0314273
0.04088185
0.0352388
0.037663266
0.038061332
0.038061332
0.13096938
0.13434628
0.15488404
0.15488404
0.12864946
0.16646072
0.14722064
0.14722064
0.16540176
0.16690092
0.16298139
0.13545813
0.13545813
0.1694887
0.119526386
0.119526386
0.0437587
0.030351544
0.045270465
0.045270465
0.033756122
0.01945918
0.013692666
0.013692666
0.015866173
0.013007406
0.01219681
0.011626823
0.013903447
0.012989355
0.015360605
0.011520478
0.05856327
0.07282226
0.07282226
0.10469766
0.11446126
0.11282213
0.11282213
0.08815289
0.099109866
0.11952332
0.11952332
0.11670743
0.10008596
0.10008596
0.10705221
0.12940542
0.09908986
0.09908986
0.12581018
0.1211786
0.13519159
0.13519159
0.08654791
0.05895015
0.07944857
0.07944857
0.06333035
0.17573866
0.15169606
0.13152157
0.13152157
0.1694289
0.1736857
0.11648869
0.12075627
0.107499406
0.12324546
0.120447606
0.120447606
0.07734861
0.04423374
0.030403387
0.030403387
0.08892813
0.13918194
0.10449119
0.10449119
0.104086295
0.11648369
0.11511214
0.09130181
0.12027284
0.12027284
0.034706935
0.02261677
0.030452028
0.029990299
0.025957096
0.025957096
0.051793188
0.09042373
0.09042373
0.066858046
0.062013634
0.06895503
0.07419258
0.08409516
0.08409516
0.09436585
0.03601444
0.027034473
0.027034473
0.016712354
0.014179569
0.014879856
0.014879856
0.02271017
0.13325028
0.13217625
0.13217625
0.14947805
0.13190714
0.16192572
0.1720979
0.12262176
0.12262176
0.12262176
0.088019356
0.09539406
0.1069163
0.1069163
0.102767214
0.097896256
0.09833146
0.095877334
0.095877334
0.025876077
0.013287882
0.014381409
0.014381409
0.011370178
0.021199426
0.13547893
0.13509326
0.08604433
0.08604433
0.08772403
0.071944006
0.07609539
0.07609539
0.061991677
0.10194662
0.0904763
0.0760706
0.0760706
0.040687136
0.027485223
0.019886948
0.019886948
0.011178233
0.013110804
0.010373284
0.010373284
0.012750789
0.012073265
0.01200431
0.01252328
0.013192748
0.013192748
0.013192748
0.009882979
0.009548309
0.009059519
0.009059519
0.011087511
0.02277394
0.046189297
0.046189297
0.0511536
0.01913828
0.017112603
0.017112603
0.017974067
0.027922278
0.036480773
0.036480773
0.019808508
0.038227197
0.038227197
0.023909215
0.018799536
0.030245189
0.030245189
0.020495728
0.017107874
0.019184686
0.019184686
0.019487688
0.020153198
0.033714607
0.033714607
0.09445201
0.15581806
0.10928513
0.117087424
0.117087424
0.11750038
0.1101554
0.13705993
0.13705993
0.11621219
0.115838416
0.11025377
0.093435965
0.04312674
0.0122051425
0.013780475
0.037964545
0.037964545
0.030287113
0.02554397
0.033503063
0.025463764
0.026235044
0.026235044
0.022509884
0.017277358
0.017044295
0.015909152
0.015909152
0.021915246
0.01479755
0.0113023445
0.0113023445
0.015654022
0.10913033
0.10460085
0.09229706
0.095052466
0.09648378
0.075926304
0.07693608
0.05237207
0.044379137
0.044379137
0.028857853
0.033036545
0.048444618
0.048444618
0.054712072
0.048802465
0.035850488
0.035850488
0.054506097
0.051519796
0.044820927
0.030204453
0.030204453
0.030204453
0.043856144
0.05411988
0.02184035
0.02184035
0.056999713
0.039412513
0.031153686
0.031153686
0.061197735
0.032812513
0.032812513
0.02238326
0.03101677
0.023277994
0.017767241
0.017767241
0.015443879
0.04913854
0.3813684
0.3813684
0.23445676
0.22216552
0.21645743
0.21645743
0.25474498
0.10280761
0.12311326
0.12311326
0.11498351
0.123266436
0.123266436
0.11522481
0.09737991
0.05740095
0.05740095
0.044012234
0.03141262
0.038472474
0.038472474
0.034044683
0.025300175
0.03181304
0.022592152
0.022592152
0.023284234
0.014132589
0.014176772
0.0155431125
0.0155431125
0.011390229
0.016224183
0.110828094
0.14459771
0.12239866
0.08902315
0.087372914
0.087372914
0.07029122
0.07072447
0.06276574
0.07785665
0.07785665
0.08821134
0.06635415
0.09161299
0.09161299
0.098972335
0.092554785
0.092554785
0.088904195
0.10696036
0.095343225
0.095343225
0.05308498
0.062379196
0.053123496
0.053123496
0.13976413
0.14887223
0.15520674
0.16410927
0.16410927
0.13838673
0.1256895
0.14077635
0.13450298
0.13450298
0.117031045
0.1328719
0.13270271
0.0985547
0.0985547
0.040085346
0.1521501
0.1521501
0.20107692
0.1412106
0.13601145
0.13601145
0.18212968
0.1436892
0.2626649
0.2626649
0.37737048
0.36343443
0.34706873
0.34706873
0.14738429
0.13289428
0.13289428
0.08830514
0.16545817
0.12089162
0.12089162
0.10362399
0.10758138
0.112814635
0.112814635
0.14614443
0.11982865
0.07967684
0.07967684
0.06963851
0.053420655
0.035562817
0.035562817
0.032138683
0.32507747
0.31377992
0.21342647
0.21342647
0.19565743
0.12920922
0.18967201
0.18967201
0.17185497
0.043845665
0.04087332
0.036720276
0.036720276
0.03272877
0.03724158
0.03724158
0.020498097
0.039240398
0.036962405
0.036962405
0.032677893
0.031694107
0.04587938
0.04587938
0.029587824
0.059262395
0.3297721
0.3297721
0.2983762
0.28297478
0.239277
0.239277
0.26452464
0.11418882
0.19396368
0.19396368
0.08876323
0.14634246
0.11126722
0.11126722
0.1304902
0.11585367
0.15389284
0.119785324
0.119785324
0.15875687
0.09978697
0.14548129
0.036467575
0.034533687
0.13517076
0.13517076
0.17688385
0.11517261
0.13327433
0.13327433
0.117993176
0.122293316
0.11342922
0.11342922
0.14613865
0.06319642
0.05328439
0.05328439
0.05328439
0.008660265
0.031054137
0.07194655
0.076170094
0.076170094
0.02207699
0.022793341
0.022793341
0.026716437
0.015780266
0.016877985
0.012119489
0.020586815
0.017549668
0.016560573
0.014705659
0.0058775605
0.011919923
0.011919923
0.1287364
0.1287364
0.09954688
0.089111015
0.07391029
0.07391029
0.055348024
0.054636404
0.0536497
0.0536497
0.050975237
0.0511662
0.04661981
0.024906985
0.024906985
0.02305918
0.029142158
0.041774686
0.041774686
0.039603002
0.037911795
0.046221748
0.046221748
0.043582436
0.04488805
0.23648506
0.40872237
0.40872237
0.21146016
0.31690577
0.3080021
0.3080021
0.24734306
0.18004408
0.09639326
0.09639326
0.107519
0.10118817
0.101288475
0.101288475
0.088060714
0.10782758
0.1002291
0.1038008
0.1038008
0.07993497
0.037969686
0.044427484
0.044427484
0.032932326
0.09826219
0.2907606
0.35452437
0.23131104
0.28437844
0.2066112
0.15590425
0.15590425
0.11314511
0.07758855
0.054979704
0.0377784
0.0377784
0.041014094
0.04456845
0.03888192
0.03888192
0.051802423
0.06514537
0.083698854
0.083698854
0.10141647
0.1095952
0.13320756
0.12974764
0.12974764
0.16084269
0.35626197
0.35626197
0.3845559
0.41187572
0.18020819
0.18020819
0.23985472
0.13434061
0.15181331
0.17528705
0.17528705
0.137151
0.1659034
0.1659034
0.10632831
0.039479703
0.039479703
0.05587469
0.036765367
0.031036647
0.031036647
0.01952248
0.017952943
0.026173806
0.02141277
0.01695548
0.015911158
0.02235799
0.014589312
0.022828294
0.022828294
0.0176468
0.0819269
0.15276286
0.15276286
0.18541282
0.15914918
0.12105973
0.11463327
0.11463327
0.11658984
0.091974355
0.09576676
0.09576676
0.107667126
0.085496075
0.07116789
0.07116789
0.07685409
0.07685409
0.08365288
0.08365288
0.07448574
0.07448574
0.029462319
0.02403598
0.029433824
0.037924465
0.037924465
0.097488776
0.070545256
0.070545256
0.078005575
0.09290561
0.09290561
0.0859368
0.08955499
0.08026017
0.09772982
0.09772982
0.06633823
0.023307081
0.03126733
0.03126733
0.080559
0.1241016
0.14022318
0.14022318
0.14407012
0.1471795
0.1471795
0.15201566
0.2194025
0.31971163
0.31971163
0.2369109
0.25550485
0.23781471
0.23781471
0.14988106
0.104291275
0.28914794
0.31262308
0.31262308
0.21320453
0.35694045
0.18630868
0.18630868
0.21037449
0.1526936
0.1539954
0.09713087
0.03837658
0.03837658
0.063985065
0.063985065
0.0359907
0.108180866
0.25377262
0.25377262
0.41731644
0.1679197
0.21224706
0.21224706
0.16461062
0.16461062
0.14629765
0.14186788
0.11140885
0.11140885
0.09780246
0.075097576
0.11097325
0.10110392
0.075357296
0.08799131
0.08799131
0.0826672
0.074664526
0.0697055
0.060001493
0.06608725
0.06608725
0.09014049
0.28181502
0.25992894
0.25992894
0.30800936
0.19792578
0.18381271
0.18381271
0.14313133
0.09244019
0.076097004
0.0708528
0.0708528
0.07270433
0.097631276
0.097631276
0.089153446
0.09451324
0.04137373
0.047320202
0.047320202
0.050672643
0.05233056
0.06330344
0.06330344
0.05350487
0.08237898
0.07425191
0.0707272
0.08213177
0.091743276
0.114529945
0.10159755
0.10159755
0.050094735
0.024948353
0.08789037
0.056093335
0.057995804
0.057995804
0.062090702
0.048475355
0.019479504
0.013496083
0.013496083
0.018483292
0.018483292
0.019680377
0.019680377
0.017710397
0.024772365
0.010501819
0.010501819
0.006743702
0.008406386
0.0039257715
0.0043276306
0.0043276306
0.004767242
0.08530889
0.09840806
0.12720971
0.10221838
0.10221838
0.09563327
0.08466348
0.07772165
0.07772165
0.091528445
0.06351019
0.06351019
0.07271847
0.060227115
0.0110045485
0.014345759
0.014345759
0.0279871
0.025309278
0.020484086
0.020484086
0.02223545
0.02085924
0.02085924
0.029521018
0.019300323
0.021534953
0.02768737
0.02768737
0.02768737
0.012584863
0.011439418
0.006432743
0.0063565625
0.11651063
0.09039453
0.1090703
0.1090703
0.11610687
0.10129407
0.086477056
0.086477056
0.060722366
0.02830895
0.015920848
0.018014029
0.018014029
0.02394737
0.027263923
0.027263923
0.018416986
0.020181794
0.027451042
0.025899716
0.023005284
0.023005284
0.029450515
0.031989016
0.038141146
0.042518012
0.042518012
0.041642845
0.041642845
0.03754654
0.031444658
0.036083065
0.036083065
0.046841726
0.03732425
0.0327264
0.0327264
0.0327264
0.030782498
0.030955244
0.027645022
0.072526306
0.072526306
0.26157638
0.3809312
0.3809312
0.4292265
0.48052022
0.2821207
0.2821207
0.38349193
0.2491013
0.37354752
0.22738019
0.22738019
0.35143745
0.22433697
0.21061352
0.21061352
0.24263522
0.25665185
0.2421158
0.2421158
0.20734532
0.21221952
0.2099567
0.2099567
0.21623364
0.2300168
0.22534724
0.22375877
0.22375877
0.22237556
0.19595148
0.22399381
0.22399381
0.25964364
0.2656561
0.2656561
0.21401985
0.22693701
0.20190318
0.20264646
0.20264646
0.18461576
0.18110195
0.18892783
0.16915697
0.16915697
0.16271202
0.17266233
0.17266233
0.1389254
0.16785063
0.16785063
0.15671287
0.12967049
0.12271346
0.10459663
0.10023994
0.10023994
0.19797118
0.19797118
0.14801943
0.14801943
0.11002916
0.13377222
0.103133276
0.103133276
0.15200496
0.092801295
0.1370665
0.1370665
0.04704155
0.026624229
0.037275977
0.037275977
0.05124313
0.073122025
0.108464174
0.108464174
0.07950304
0.075453244
0.075995766
0.08573724
0.08573724
0.13672382
0.38549113
0.2601533
0.33208033
0.33208033
0.2081686
0.1740717
0.11658518
0.19845127
0.19845127
0.19676399
0.12613255
0.12613255
0.16859487
0.1721592
0.16681506
0.16681506
0.12950832
0.17266016
0.08540553
0.060979415
0.060979415
0.07597238
0.13043736
0.13043736
0.14355713
0.43359017
0.2770583
0.2770583
0.3085658
0.24102964
0.18315978
0.1275458
0.08451737
0.08148425
0.049275257
0.049275257
0.0453829
0.043334004
0.03094307
0.03094307
0.042356573
0.029148277
0.029148277
0.026186476
0.02894026
0.019338215
0.019338215
0.022848733
0.012147894
0.09860375
0.4229262
0.4229262
0.3174959
0.28252354
0.32565176
0.32565176
0.12926728
0.18596254
0.16253337
0.16253337
0.1175971
0.17156462
0.15617938
0.15617938
0.14747943
0.14649585
0.097114936
0.034472734
0.034472734
0.035806704
0.039331023
0.039331023
0.0261628
0.014978068
0.012772476
0.012772476
0.009835358
0.00893338
0.0062748515
0.0092284065
0.0092284065
0.010753859
0.040173054
0.040173054
0.12540483
0.11976807
0.14944106
0.14944106
0.09372185
0.09485695
0.13636062
0.12909475
0.12909475
0.13075744
0.11912145
0.1171247
0.12768266
0.12768266
0.13464154
0.11000647
0.29218873
0.29218873
0.33462393
0.2626538
0.2533875
0.24338983
0.24009588
0.24009588
0.3026228
0.30154926
0.22236899
0.31735152
0.21541096
0.33117828
0.20214875
0.20214875
0.37659526
0.22567885
0.37811995
0.22324575
0.22324575
0.21149695
0.21149695
0.19562007
0.19562007
0.23758765
0.23042426
0.2269932
0.2269932
0.1814816
0.20065533
0.1970266
0.21986279
0.21986279
0.40290457
0.32275945
0.52782196
0.5044381
0.27648163
0.1738768
0.1738768
0.34560248
0.16441825
0.16441825
0.24575965
0.31676745
0.20138146
0.20264047
0.31289497
0.32081
0.23636496
0.34522364
0.3417405
0.23047224
0.23047224
0.1908422
0.20977029
0.20977029
0.22143854
0.3920703
0.47183937
0.47183937
0.2426386
0.24231097
0.373165
0.37779817
0.37779817
0.20402461
0.32965487
0.24474421
0.28662536
0.28662536
0.16543919
0.3021151
0.3021151
0.3114293
0.2939505
0.2939505
0.2698712
0.19019563
0.27188203
0.16194978
0.18779315
0.25132316
0.25132316
0.47862333
0.47862333
0.30801615
0.43946266
0.19534996
0.19534996
0.14857528
0.13990659
0.21227029
0.21227029
0.13035712
0.18777108
0.21134293
0.11563517
0.11563517
0.069724426
0.06513111
0.072148964
0.072148964
0.07127747
0.06325358
0.044124693
0.03372631
0.03372631
0.030616792
0.028329916
0.02339891
0.02339891
0.02510692
0.022707801
0.014776771
0.014776771
0.022216309
0.13538441
0.18004982
0.18004982
0.15350652
0.1008179
0.10504654
0.10504654
0.13290343
0.1291175
0.15275663
0.15275663
0.14095688
0.12594801
0.14921269
0.08552601
0.08552601
0.08583171
0.08595059
0.08595059
0.084335774
0.058326423
0.04956676
0.050319068
0.050319068
0.0532386
0.14366816
0.20096397
0.18002275
0.15959412
0.15959412
0.16473687
0.17550778
0.16796704
0.16796704
0.13962764
0.13962764
0.1368134
0.06350644
0.041021638
0.041783113
0.041783113
0.08591062
0.08353433
0.10221572
0.11387184
0.12142317
0.10941467
0.10941467
0.17062022
0.17940973
0.26002833
0.26002833
0.4601919
0.31673872
0.28596207
0.18857391
0.18857391
0.12007726
0.0872442
0.33541822
0.33541822
0.31226793
0.22874083
0.24484922
0.21104659
0.21104659
0.13475913
0.16078904
0.10136984
0.04405392
0.04405392
0.042628217
0.048199974
0.06256635
0.06256635
0.11937359
0.2783469
0.2625782
0.2625782
0.2814008
0.2505151
0.22050077
0.12081867
0.066374496
0.066374496
0.07182813
0.07182813
0.07164955
0.06620161
0.05933045
0.05933045
0.06758281
0.03177144
0.038539946
0.037642304
0.049686037
0.034988303
0.044467077
0.025422314
0.025422314
0.07355715
0.2735682
0.2893092
0.2893092
0.43676996
0.32460433
0.22364429
0.22364429
0.24949965
0.20600362
0.17292416
0.17292416
0.15775979
0.20441034
0.12906688
0.18989906
0.18989906
0.13010797
0.062325153
0.043022066
0.043022066
0.045838952
0.030343665
0.025882088
0.025793418
0.024257092
0.0148922475
0.012855505
0.012855505
0.012515731
0.010757521
0.011579929
0.011579929
0.011152258
0.07859693
0.07859693
0.13576584
0.123170435
0.094089836
0.094089836
0.08848539
0.086839035
0.08961767
0.08961767
0.09148856
0.09550527
0.081101686
0.081101686
0.085893035
0.04864266
0.15942486
0.15942486
0.15942486
0.27519718
0.26010758
0.25991717
0.2526794
0.2258781
0.2258781
0.32920647
0.18472105
0.18472105
0.3414105
0.31724095
0.31724095
0.26031062
0.27658877
0.18806678
0.18806678
0.18779184
0.20758569
0.20682895
0.20024204
0.20024204
0.20802343
0.21123156
0.19570105
0.19570105
0.20837672
0.22862913
0.2413688
0.2177077
0.2177077
0.23312242
0.26794297
0.42723206
0.42723206
0.41511208
0.39002046
0.12020974
0.19814199
0.19814199
0.18902834
0.2236526
0.4123601
0.4123601
0.38670206
0.2710583
0.30446666
0.29055268
0.29055268
0.25438526
0.28728375
0.24268153
0.24268153
0.20956045
0.18583243
0.23889439
0.23889439
0.24260212
0.30425754
0.46310169
0.46310169
0.23951806
0.38986352
0.39648226
0.39648226
0.33168188
0.28984588
0.26734817
0.24677275
0.24677275
0.2017031
0.16311844
0.16311844
0.24136989
0.20688419
0.23491636
0.23491636
0.22379866
0.2262177
0.21706466
0.24372274
0.24372274
0.25142363
0.33291674
0.40991482
0.32541227
0.4155021
0.3729518
0.3729518
0.16902624
0.20278397
0.22673741
0.22673741
0.27822885
0.26592338
0.26454675
0.26454675
0.2320453
0.1013964
0.09432013
0.081260875
0.081260875
0.058178518
0.07209839
0.07209839
0.05395846
0.02701736
0.02818755
0.02818755
0.02818755
0.0279213
0.023283582
0.017774321
0.009821632
0.009821632
0.007892952
0.008979756
0.11327182
0.11327182
0.1683039
0.08402909
0.11467646
0.11467646
0.067587644
0.08046093
0.08966914
0.11268729
0.11268729
0.0864364
0.071842566
0.08310919
0.08310919
0.07917982
0.059467036
0.04973717
0.04973717
0.050591268
0.0579589
0.0579589
0.06142337
0.06794548
0.064909734
0.14542863
0.14904845
0.14904845
0.14775488
0.1588663
0.15992469
0.15992469
0.1730726
0.12524661
0.16376495
0.16376495
0.17280391
0.08413341
0.04876769
0.036384095
0.044020545
0.044020545
0.099410504
0.14284153
0.14835417
0.14835417
0.11448213
0.109894894
0.12907295
0.12907295
0.22312844
0.3781746
0.2794566
0.3676464
0.3676464
0.17592154
0.18052036
0.1530348
0.1530348
0.16008037
0.16389236
0.15169844
0.13633725
0.13633725
0.15177283
0.13883936
0.13531485
0.1660969
0.1660969
0.09242511
0.064491175
0.07592528
0.111613765
0.111613765
0.12605065
0.20817974
0.20817974
0.30504367
0.25507158
0.27683583
0.2523811
0.14908326
0.10642413
0.10642413
0.09796271
0.11013962
0.099267125
0.08765586
0.08765586
0.075122446
0.08159922
0.08159922
0.08385944
0.0503868
0.04370638
0.046236757
0.03785781
0.046986487
0.046986487
0.022808995
0.06445871
0.20452642
0.3391956
0.3391956
0.41667584
0.26111847
0.26111847
0.21120885
0.1931389
0.17762579
0.17762579
0.12361902
0.14482428
0.14482428
0.18163204
0.119347274
0.17712902
0.14411753
0.14411753
0.04115586
0.043073904
0.043073904
0.031853355
0.031160513
0.02020084
0.02020084
0.014297508
0.010596144
0.008036308
0.008036308
0.010252794
0.008212966
0.010717741
0.005989897
0.055984244
0.14255068
0.09028521
0.05154393
0.05154393
0.049142066
0.028715111
0.028268447
0.028268447
0.025472824
0.027663378
0.037101824
0.03718339
0.03718339
0.061268292
0.06438297
0.1490941
0.1490941
0.33868888
0.3018506
0.25280204
0.25280204
0.26134062
0.25532314
0.2593892
0.2593892
0.22943465
0.34498477
0.23374555
0.23374555
0.29789227
0.20043874
0.37506342
0.37506342
0.22697487
0.31204727
0.31204727
0.3512183
0.31294078
0.20165257
0.16825774
0.16825774
0.18797192
0.22851661
0.21585673
0.21585673
0.20856719
0.24638538
0.20952643
0.20952643
0.23096323
0.3206257
0.4908263
0.4908263
0.44611526
0.16589162
0.27624762
0.18167208
0.18167208
0.28427866
0.28477114
0.21298845
0.21298845
0.24976452
0.29052603
0.15141293
0.17160094
0.2562117
0.2734873
0.17945166
0.17945166
0.25492194
0.22390926
0.21755224
0.21755224
0.18369757
0.17427418
0.38794845
0.40524426
0.307303
0.307303
0.32357574
0.32357574
0.27962857
0.33530498
0.2068052
0.37210047
0.37210047
0.20561211
0.26017264
0.28057447
0.28057447
0.2087689
0.32613987
0.2759933
0.2759933
0.21452352
0.28203252
0.28203252
0.14541534
0.14541534
0.3346093
0.3346093
0.43413037
0.24667157
0.3297524
0.3297524
0.23534317
0.14199209
0.14199209
0.111479774
0.19842723
0.18960898
0.18960898
0.2352135
0.22896162
0.14645158
0.08697539
0.08697539
0.071657345
0.065034136
0.072383225
0.072383225
0.06393139
0.031229159
0.02333349
0.01827793
0.01827793
0.01827793
0.022829058
0.024422318
0.022826206
0.025850127
0.025850127
0.028623987
0.08758848
0.18815368
0.18815368
0.17305747
0.11264372
0.14484252
0.124715135
0.0949994
0.1082079
0.15416813
0.15757374
0.15757374
0.14377764
0.12528446
0.07505719
0.04100982
0.04100982
0.034462806
0.032627955
0.03478475
0.03478475
0.017084565
0.015320385
0.02048263
0.05873868
0.05873868
0.13525653
0.1182815
0.1447233
0.13149744
0.13149744
0.11100538
0.13747127
0.14792895
0.14792895
0.13993007
0.14178208
0.04616466
0.045622744
0.043035477
0.031860624
0.053277053
0.046770856
0.046770856
0.06908846
0.0849556
0.0894155
0.0894155
0.113063425
0.15363422
0.111710146
0.111710146
0.40949392
0.2900469
0.31070355
0.26103482
0.26103482
0.16779207
0.14221969
0.34293103
0.2400121
0.2400121
0.28622895
0.1538243
0.26466772
0.26466772
0.26752305
0.1584169
0.22702521
0.13876113
0.13876113
0.12313679
0.13303313
0.15522817
0.1360954
0.11145444
0.11145444
0.33294085
0.284933
0.24152517
0.24152517
0.19063291
0.19063291
0.11322719
0.12447409
0.100355715
0.09717716
0.09717716
0.079812765
0.078911945
0.091968365
0.082418
0.11446014
0.048609417
0.044018142
0.044018142
0.05062159
0.057349585
0.032114685
0.039735314
0.17203726
0.17203726
0.3752051
0.29010302
0.29010302
0.29330105
0.36018044
0.2874235
0.15759021
0.21001211
0.21001211
0.12941986
0.14296225
0.14987963
0.1384606
0.14764039
0.14764039
0.051084056
0.051084056
0.059469685
0.059469685
0.039551064
0.04992616
0.034049965
0.034049965
0.0272937
0.028113399
0.027953204
0.027953204
0.028428666
0.029105615
0.031573795
0.03116198
0.06901148
0.06901148
0.074315965
0.074315965
0.09465858
0.06977251
0.061083715
0.061083715
0.062720716
0.0653457
0.06362127
0.06832244
0.059526466
0.059526466
0.059526466
0.07502253
0.07366453
0.056015972
0.3125427
0.3125427
0.25755775
0.22354525
0.22177948
0.22177948
0.22746882
0.22237392
0.20722744
0.20722744
0.37038442
0.25861645
0.1765584
0.2738978
0.3507172
0.16681081
0.30799696
0.30799696
0.23396924
0.23462512
0.23462512
0.2391819
0.2535253
0.23338786
0.23338786
0.22926222
0.2515714
0.20473747
0.24200374
0.24200374
0.22358797
0.22358797
0.21587867
0.23332809
0.21912064
0.21912064
0.21934052
0.22777826
0.19668907
0.21066228
0.21066228
0.19152106
0.2315851
0.22884828
0.22884828
0.24290305
0.2507046
0.23008165
0.23008165
0.19518533
0.23182477
0.22153445
0.22153445
0.23119114
0.23186357
0.22973192
0.22607397
0.22607397
0.22572018
0.17993008
0.21271673
0.21271673
0.22526379
0.20628275
0.20660087
0.20660087
0.19567516
0.20704857
0.204069
0.204069
0.206229
0.20576693
0.2088752
0.22078767
0.23251528
0.23311293
0.23342273
0.23342273
0.18580984
0.18168232
0.18168232
0.23654544
0.23207593
0.2809703
0.2809703
0.28954294
0.2765419
0.27665457
0.27665457
0.28515318
0.25108504
0.20824869
0.20824869
0.311499
0.25664973
0.25664973
0.23754217
0.2751734
0.28224286
0.28224286
0.26464123
0.2543267
0.1914761
0.22157177
0.22157177
0.18775757
0.18775757
0.19965594
0.18819764
0.2719914
0.30624464
0.30624464
0.2382873
0.39958113
0.1828512
0.11234031
0.121831365
0.121831365
0.121831365
0.13343957
0.12461306
0.105891936
0.1102849
0.1102849
0.11297075
0.10090244
0.08134369
0.09114861
0.09114861
0.114818394
0.12255858
0.1303116
0.1303116
0.12507494
0.105305135
0.3136365
0.3136365
0.2980618
0.28804457
0.26872236
0.26872236
0.22089419
0.2025446
0.1536354
0.10758435
0.10758435
0.10988256
0.099260546
0.1315254
0.1315254
0.1279609
0.1052721
0.13524565
0.13524565
0.11071179
0.09997092
0.1026621
0.1026621
0.101031594
0.09825288
0.09825288
0.09031055
0.08926358
0.111977056
0.10876758
0.0947991
0.0947991
0.1165611
0.12187208
0.13557915
0.13557915
0.09649106
0.10545772
0.10545772
0.102634035
0.12355291
0.12355291
0.12487515
0.12687396
0.114635296
0.12393229
0.12393229
0.10564848
0.09852582
0.09852582
0.16653097
0.18580137
0.18580137
0.18003291
0.15039131
0.1465539
0.1465539
0.17302525
0.17631869
0.16981848
0.16981848
0.14617299
0.13537437
0.13537437
0.13065113
0.1368378
0.1340491
0.11399475
0.11399475
0.119343996
0.13561797
0.13127889
0.13127889
0.11692985
0.122657716
0.12919843
0.12919843
0.12538095
0.11523325
0.11712242
0.12815648
0.12815648
0.11237776
0.15298474
0.24857554
0.38491112
0.38114503
0.38114503
0.38401303
0.38401303
0.28509942
0.28509942
0.18244508
0.18405075
0.17247702
0.17247702
0.16817845
0.17212151
0.17212151
0.19969629
0.13565803
0.2236244
0.18885076
0.18885076
0.15631975
0.15779887
0.15779887
0.16850892
0.17207865
0.30041045
0.30041045
0.33825117
0.4442038
0.4013996
0.4013996
0.20984448
0.23574373
0.25079945
0.25079945
0.18222818
0.12801018
0.15177688
0.15177688
0.17293951
0.14860554
0.14860554
0.16048037
0.14177588
0.15859005
0.068352945
0.068352945
0.05389055
0.037264492
0.052703787
0.052703787
0.24270138
0.36269295
0.28324196
0.28324196
0.19087583
0.16923875
0.16923875
0.2114073
0.1601938
0.13924783
0.16974856
0.09990047
0.09990047
0.08490886
0.05638233
0.05638233
0.08248546
0.19413005
0.19413005
0.16746522
0.18282874
0.16790266
0.14138463
0.14138463
0.12140342
0.15117201
0.15117201
0.1508616
0.14549017
0.15002507
0.15534946
0.15534946
0.13604832
0.36710006
0.36710006
0.277255
0.277255
0.2524857
0.24386379
0.14665481
0.11651288
0.11651288
0.19678943
0.12014601
0.13010709
0.1757285
0.1757285
0.12464103
0.13995247
0.13995247
0.13995247
0.13301566
0.08755083
0.087504506
0.05899356
0.05899356
0.03333267
0.03120004
0.23208553
0.23208553
0.33796686
0.1611171
0.11780626
0.11780626
0.2898798
0.14236052
0.14236052
0.20366377
0.082566604
0.14346406
0.14324743
0.120631866
0.120631866
0.1045282
0.107713275
0.06976679
0.06976679
0.084698
0.1124094
0.1204364
0.1204364
0.06584282
0.07597775
0.13936007
0.37235934
0.37235934
0.27851555
0.34556228
0.21670783
0.21670783
0.17130467
0.16878629
0.16878629
0.111547925
0.050448515
0.0804498
0.09987462
0.09987462
0.06796469
0.07008479
0.06731338
0.047671802
0.047671802
0.020601891
0.045482717
0.020196766
0.020196766
0.028789926
0.031544715
0.23208402
0.26928926
0.26928926
0.3118922
0.23788257
0.21029697
0.21029697
0.14645565
0.103076175
0.1587421
0.12287341
0.12287341
0.034033917
0.034033917
0.06439905
0.069182746
0.069182746
0.07673456
0.071743734
0.070292875
0.07555753
0.077442735
0.077442735
0.077442735
0.084689
0.05954659
0.34249103
0.34249103
0.2948539
0.23163141
0.23163141
0.21690919
0.15662359
0.12574002
0.10949594
0.10949594
0.098070905
0.08631479
0.06687039
0.078009315
0.083198644
0.12452203
0.12715352
0.12715352
0.11873673
0.07832248
0.07832248
0.063328125
0.055691686
0.08316582
0.11455958
0.11455958
0.11098574
0.09150148
0.09150148
0.08599845
0.051371306
0.05006907
0.05006907
0.05006907
0.05752316
0.06449918
0.058858868
0.06373637
0.06373637
0.06729578
0.054521784
0.081335746
0.055970468
0.055970468
0.079866715
0.06765374
0.06765374
0.0904528
0.1015029
0.10547558
0.10547558
0.13814978
0.12830435
0.12830435
0.11813833
0.10513813
0.11875143
0.08416036
0.08416036
0.10304777
0.16941994
0.16941994
0.13271749
0.11273551
0.14621797
0.14621797
0.1830892
0.14474666
0.11211404
0.14967456
0.14967456
0.118025355
0.10676957
0.14130217
0.14130217
0.12748584
0.09704918
0.12885186
0.12885186
0.11774079
0.12567785
0.19072887
0.19072887
0.22180638
0.3793661
0.36696875
0.4497086
0.4497086
0.29087332
0.21538156
0.31030068
0.31030068
0.24362786
0.12890707
0.19340745
0.21373978
0.21373978
0.16766156
0.2336141
0.17139485
0.21536654
0.21536654
0.21074341
0.20318624
0.2180933
0.2180933
0.18216403
0.20713925
0.21000423
0.21000423
0.3704638
0.41272223
0.42276382
0.42276382
0.24830502
0.24228306
0.27067986
0.18188417
0.18188417
0.14310707
0.12998112
0.12998112
0.16236356
0.19166806
0.12292643
0.082751885
0.082751885
0.042875513
0.03139316
0.03139316
0.042690657
0.027150998
0.02030522
0.02030522
0.20926863
0.3124434
0.2609401
0.2609401
0.17565902
0.2026181
0.2026181
0.2800333
0.13571298
0.19515832
0.19515832
0.1059127
0.11174219
0.0726469
0.07208238
0.06631784
0.10872853
0.10872853
0.3366098
0.26630312
0.23950797
0.21079607
0.21079607
0.26348653
0.1329131
0.33422422
0.35151696
0.2653997
0.2653997
0.35467404
0.35467404
0.18499179
0.18499179
0.23220526
0.15784729
0.10072822
0.091640994
0.09010412
0.043002527
0.027943064
0.2023722
0.2023722
0.33801436
0.37972337
0.25847
0.25847
0.303588
0.31609598
0.35516536
0.35516536
0.28801566
0.28801566
0.26888293
0.33362824
0.24207565
0.2541149
0.20512551
0.20512551
0.2667241
0.2334166
0.2334166
0.2737634
0.18499509
0.25734484
0.25734484
0.15653127
0.24867675
0.28338045
0.28338045
0.28282624
0.3949977
0.19578356
0.042215884
0.042215884
0.07705216
0.101866335
0.070366114
0.070366114
0.070255935
0.10778954
0.105150744
0.071311146
0.071311146
0.12916306
0.30771768
0.30771768
0.29073012
0.31455657
0.23321593
0.22019666
0.21141712
0.12747797
0.14352986
0.14352986
0.10347503
0.11136876
0.13574734
0.13360664
0.12797558
0.11810415
0.11810415
0.09538868
0.11564096
0.100822985
0.100822985
0.09438224
0.10065395
0.10065395
0.17345017
0.25905627
0.48203012
0.48203012
0.3179941
0.2893396
0.2544384
0.17371874
0.17371874
0.13949585
0.19252479
0.07457484
0.07457484
0.08395453
0.09033566
0.114488386
0.114488386
0.0875619
0.08646963
0.08705635
0.08705635
0.0916094
0.12816842
0.12816842
0.12476239
0.094095305
0.15311772
0.15311772
0.4390659
0.2564819
0.28322312
0.28322312
0.19256076
0.14069974
0.12146282
0.12146282
0.098699406
0.09423755
0.093270876
0.08594621
0.08594621
0.08666844
0.07238176
0.09216826
0.09216826
0.07860017
0.081887834
0.07668134
0.07668134
0.07533174
0.08889955
0.09355104
0.09355104
0.10072759
0.10217694
0.07998483
0.07414314
0.06627552
0.052441172
0.052727647
0.052727647
0.06455595
0.07204929
0.07204929
0.052247465
0.054206647
0.05755808
0.05801359
0.05801359
0.063245505
0.07254769
0.11049551
0.11049551
0.09178083
0.090520285
0.090520285
0.09233068
0.15420148
0.14998515
0.14998515
0.14666927
0.1301422
0.1209286
0.116724715
0.115761384
0.115761384
0.0965944
0.0965944
0.0869422
0.105278075
0.09346266
0.089017004
0.089017004
0.10918727
0.079914086
0.10470334
0.094967306
0.094967306
0.07906326
0.097353294
0.109438516
0.109438516
0.11730873
0.100585274
0.09938657
0.109326884
0.109326884
0.10761314
0.11282632
0.13527015
0.13527015
0.38261947
0.3107631
0.2296132
0.20847815
0.26605493
0.26605493
0.14795744
0.18798938
0.18798938
0.11931507
0.15524265
0.15524265
0.12487226
0.11702273
0.11795433
0.12727809
0.11341064
0.11341064
0.120733336
0.12933186
0.09951763
0.11443706
0.10859716
0.09561435
0.09561435
0.3763695
0.3763695
0.19110365
0.23220688
0.22668374
0.22366436
0.22366436
0.08552284
0.1726021
0.12384023
0.12384023
0.090303406
0.048133627
0.041534364
0.032820083
0.032820083
0.038064487
0.02926734
0.020698592
0.020698592
0.019285198
0.018897006
0.024132848
0.024841573
0.024841573
0.1510765
0.31277406
0.24654685
0.25103864
0.25103864
0.16490738
0.16111487
0.08051661
0.08051661
0.052774195
0.040702365
0.027014006
0.024036584
0.024036584
0.02297777
0.021887833
0.096484326
0.096484326
0.12100509
0.13698673
0.13698673
0.1496832
0.17352474
0.17996523
0.17996523
0.18278298
0.19397773
0.17384335
0.17312989
0.14640656
0.14640656
0.16880366
0.16880366
0.14744285
0.3640355
0.302793
0.302793
0.28920197
0.24015175
0.1515118
0.097290374
0.097290374
0.15250976
0.11082975
0.16808234
0.16808234
0.13964282
0.18658417
0.15711229
0.16310862
0.16310862
0.16212764
0.16212764
0.1237876
0.08695822
0.0392382
0.0392382
0.0250547
0.14870602
0.262257
0.262257
0.25042146
0.24355538
0.23481774
0.23481774
0.09556942
0.2576515
0.2576515
0.110581584
0.03739754
0.07636107
0.08647744
0.08647744
0.091576226
0.102335736
0.11262025
0.11262025
0.12115453
0.0778442
0.052291248
0.052291248
0.031585522
0.025426416
0.025426416
0.21652149
0.4180352
0.32637143
0.3521881
0.3521881
0.29297727
0.2767973
0.22965057
0.22965057
0.246063
0.16904792
0.14650893
0.14650893
0.18183373
0.18115103
0.18293318
0.15179025
0.15179025
0.1215375
0.13721958
0.12945306
0.12945306
0.1685619
0.15325356
0.123050444
0.18635775
0.18635775
0.37668252
0.25896034
0.28136185
0.28136185
0.20722355
0.16086252
0.1571025
0.13429774
0.13978302
0.11610091
0.11610091
0.1278652
0.1278652
0.102096766
0.122787595
0.10218345
0.10218345
0.088536784
0.10290688
0.09271299
0.09271299
0.093242824
0.08403202
0.098395266
0.098395266
0.35665178
0.2644237
0.28714725
0.28714725
0.18697049
0.13597947
0.13597947
0.093535185
0.076477006
0.076477006
0.05835215
0.04939731
0.04693697
0.06608844
0.06608844
0.058388785
0.063380934
0.063380934
0.04311745
0.04816118
0.04816118
0.055351753
0.04549821
0.05351399
0.05413279
0.05413279
0.05103767
0.08381618
0.038476974
0.051305212
0.053372316
0.078835905
0.06433143
0.06433143
0.054384682
0.050643276
0.050643276
0.049788475
0.052453883
0.050217107
0.060855813
0.060855813
0.10773617
0.10773617
0.09264756
0.081163034
0.09789102
0.09789102
0.1228832
0.15065543
0.17557271
0.17557271
0.12530392
0.09672004
0.090428166
0.105114326
0.105114326
0.10239357
0.12391805
0.20289445
0.20289445
0.1821245
0.14774412
0.13995282
0.13995282
0.19574538
0.23606187
0.21370748
0.21370748
0.34231475
0.19825676
0.17287056
0.1731746
0.1731746
0.111560546
0.111560546
0.14284848
0.14284848
0.09891812
0.09925685
0.13857964
0.13857964
0.33749622
0.22298366
0.18456206
0.3212008
0.3212008
0.20951977
0.29676744
0.29676744
0.20799531
0.2581999
0.2581999
0.3325459
0.27993235
0.31728876
0.31728876
0.26656622
0.31874546
0.23969713
0.27921197
0.27921197
0.14471368
0.2032181
0.17483044
0.17483044
0.15117402
0.116498925
0.13649791
0.13649791
0.12418182
0.11664639
0.10152897
0.101730384
0.101730384
0.09142882
0.16449314
0.1632643
0.16445757
0.16445757
0.1435536
0.17239794
0.17239794
0.1672146
0.13995852
0.15555215
0.15555215
0.13951482
0.12704298
0.11807074
0.12920804
0.12920804
0.08509803
0.055850785
0.044929408
0.044929408
0.023002047
0.01512415
0.014209194
0.014209194
0.015931899
0.08443856
0.08991793
0.08991793
0.055364355
0.07341723
0.08787034
0.0965658
0.0965658
0.09281639
0.10511606
0.07693896
0.07693896
0.0752168
0.052443907
0.055251334
0.055251334
0.03249674
0.017457966
0.018549047
0.018549047
0.018333301
0.018831072
0.020733008
0.020733008
0.009721767
0.122441635
0.18127407
0.18127407
0.25005084
0.2128061
0.2128061
0.21628354
0.21314466
0.20579326
0.20579326
0.17311549
0.22030939
0.22386804
0.22386804
0.19108595
0.19191632
0.11426404
0.11426404
0.021635316
0.04707025
0.04707025
0.062166907
0.052996386
0.053365298
0.06969921
0.06969921
0.06969921
0.050786946
0.07849426
0.06922011
0.0592682
0.03448413
0.053795483
0.053795483
0.06875311
0.057875484
0.047994405
0.072019905
0.072019905
0.05129326
0.06900156
0.071240544
0.071480885
0.071480885
0.053709306
0.060723793
0.050383914
0.050383914
0.04550836
0.01651837
0.01651837
0.29147568
0.39011493
0.3423804
0.3263142
0.3263142
0.329996
0.27897996
0.27897996
0.2718679
0.31665596
0.31665596
0.31534925
0.31701845
0.33567828
0.32752916
0.32752916
0.31859964
0.32002196
0.29518378
0.27299684
0.25913367
0.25913367
0.24287714
0.24584275
0.23873167
0.23873167
0.26087362
0.25633734
0.24164514
0.24164514
0.21655929
0.23067285
0.19999377
0.19999377
0.15488175
0.18336904
0.16703565
0.16703565
0.16042584
0.16042584
0.1401405
0.1401405
0.4116032
0.4116032
0.24652438
0.31503636
0.31688488
0.32128674
0.32354593
0.32354593
0.32062697
0.32437748
0.32437748
0.36487985
0.36629152
0.36102355
0.30402783
0.30402783
0.23751271
0.23082958
0.2277159
0.2277159
0.3183369
0.3181188
0.31236666
0.31039822
0.31039822
0.20711982
0.34856117
0.39948434
0.39948434
0.40020728
0.40947247
0.39463294
0.3827428
0.3827428
0.35686612
0.3614581
0.34441066
0.33623016
0.33623016
0.36712575
0.34871227
0.37770936
0.37770936
0.3306105
0.40491423
0.3766628
0.3766628
0.38081765
0.47668636
0.4536328
0.4599882
0.4599882
0.4471739
0.311538
0.36177307
0.36177307
0.35148638
0.32216957
0.3495737
0.3495737
0.26002914
0.28101313
0.28101313
0.32902637
0.29297096
0.30869418
0.27514732
0.27514732
0.44421476
0.44421476
0.40986225
0.39648885
0.38808182
0.35862732
0.35862732
0.35843992
0.35313153
0.35313153
0.38225847
0.3761283
0.3802901
0.33767754
0.33767754
0.332416
0.31190705
0.31889826
0.31889826
0.3209239
0.3828833
0.38939995
0.38939995
0.3251021
0.3674004
0.3674004
0.32529768
0.3602214
0.36283743
0.36333734
0.35889706
0.35889706
0.3520503
0.4320381
0.4320381
0.38858926
0.39873856
0.39873856
0.3944826
0.38714018
0.26734588
0.26734588
0.2668421
0.2884003
0.28297383
0.3701331
0.3701331
0.38471368
0.26092052
0.2529327
0.2529327
0.25210768
0.24758011
0.25008756
0.25008756
0.23857763
0.23998038
0.2161378
0.2161378
0.21843538
0.19134039
0.1972177
0.1972177
0.29198575
0.28578138
0.31558636
0.31558636
0.49190366
0.3813265
0.3813265
0.3725678
0.39318085
0.42798305
0.40450954
0.40450954
0.39209908
0.34520406
0.34520406
0.35452288
0.29771173
0.32405126
0.32594037
0.32594037
0.32393098
0.34905478
0.32716537
0.31200674
0.31200674
0.2928478
0.27871975
0.24061644
0.30522865
0.30522865
0.32097274
0.32097274
0.2734491
0.2734491
0.32691726
0.30687535
0.21677607
0.21677607
0.26625454
0.25638178
0.25638178
0.24110225
0.22837426
0.18307218
0.18307218
0.23150533
0.16283667
0.15212572
0.15212572
0.1800287
0.16129142
0.16129142
0.115097806
0.114436835
0.1777303
0.27555382
0.27555382
0.24143511
0.25841323
0.23408657
0.21780258
0.20878696
0.20878696
0.20444953
0.2528823
0.2528823
0.261402
0.28690138
0.22243673
0.21278642
0.21278642
0.19289276
0.13391015
0.089085296
0.089085296
0.10877296
0.07423976
0.09776154
0.09776154
0.12041879
0.23819956
0.23819956
0.2917288
0.3173238
0.31078643
0.27502635
0.27502635
0.17737275
0.21884532
0.21884532
0.21549715
0.2507646
0.19467442
0.2255934
0.2255934
0.18537867
0.23636949
0.20811239
0.24975179
0.24975179
0.22257707
0.21412744
0.21768431
0.21768431
0.20842376
0.29430717
0.28548643
0.28548643
0.3318656
0.30234936
0.28585574
0.28585574
0.28522077
0.2761399
0.25093302
0.25093302
0.25031555
0.24573599
0.23025373
0.23025373
0.28231117
0.25027266
0.27281797
0.27281797
0.21397829
0.20270818
0.19355746
0.19355746
0.18935856
0.15086296
0.16531877
0.24759975
0.24759975
0.21673235
0.2112777
0.20175664
0.20175664
0.13308093
0.23113546
0.35367996
0.35367996
0.2919565
0.35374376
0.35593683
0.3624122
0.3624122
0.35069132
0.31690896
0.26476204
0.26476204
0.24457681
0.3056169
0.29675013
0.29675013
0.26788348
0.26788348
0.2478458
0.29806024
0.29806024
0.28740627
0.2699321
0.2699321
0.26831734
0.20076314
0.31419677
0.31419677
0.34543276
0.35496143
0.30959424
0.30959424
0.29558313
0.2905314
0.27360177
0.27360177
0.2919538
0.3403489
0.34921673
0.33119926
0.33119926
0.33119926
0.21049955
0.36660168
0.38065273
0.38065273
0.3273126
0.32268655
0.33470517
0.33470517
0.32924175
0.3300057
0.3243314
0.34492904
0.35830137
0.35830137
0.36577097
0.34490657
0.31893134
0.31893134
0.32034263
0.35657966
0.2569192
0.2569192
0.26780972
0.27225327
0.3201093
0.3201093
0.25510496
0.41235268
0.38039285
0.38039285
0.3657043
0.32535356
0.31553793
0.31553793
0.39707413
0.3927124
0.3927124
0.45702818
0.35792336
0.33080798
0.33080798
0.3321224
0.31263494
0.33686203
0.33686203
0.28505057
0.3044799
0.3121513
0.3121513
0.2677119
0.35679847
0.35679847
0.41444993
0.40552416
0.40552416
0.38984054
0.36218113
0.2686068
0.3202297
0.3202297
0.27160925
0.23879515
0.23879515
0.2627275
0.282143
0.2539556
0.24764717
0.22611637
0.16349916
0.18148011
0.17182928
0.17182928
0.24199958
0.24199958
0.23015052
0.23642224
0.19258714
0.19258714
0.15872797
0.16095182
0.25216413
0.25216413
0.23314291
0.20564185
0.24257328
0.24257328
0.24257328
0.23457512
0.17885809
0.18199027
0.18285194
0.18285194
0.21172443
0.16058476
0.18237787
0.18610263
0.18610263
0.15765233
0.17436485
0.20313147
0.09626683
0.09626683
0.20889616
0.37254155
0.35423017
0.35802126
0.35802126
0.327982
0.327982
0.3102586
0.3102586
0.3226914
0.3226914
0.2843162
0.3084793
0.3009205
0.26913127
0.26913127
0.28341872
0.27913883
0.27240437
0.25006324
0.25006324
0.27853966
0.2695589
0.2536068
0.2880171
0.2880171
0.2880171
0.26525214
0.2962368
0.286685
0.29892355
0.29892355
0.29829255
0.27408805
0.2824
0.2824
0.29236725
0.29377425
0.30766976
0.30766976
0.29690892
0.3013658
0.3013658
0.2898174
0.27639037
0.30514032
0.26205468
0.26205468
0.2853877
0.24617073
0.2227926
0.2227926
0.25260058
0.2647097
0.26741117
0.25414622
0.2131463
0.28085423
0.28085423
0.2248219
0.23138265
0.20176908
0.20176908
0.23375304
0.2326706
0.22660564
0.23263225
0.23263225
0.23129955
0.21730079
0.22484569
0.21837886
0.21837886
0.21837886
0.20881295
0.20984721
0.22530988
0.22530988
0.21288627
0.19239862
0.19297394
0.19297394
0.19977245
0.30596757
0.30596757
0.45203578
0.40122718
0.40726167
0.15645716
0.15645716
0.16019672
0.16019672
0.23344523
0.1213668
0.1213668
0.17235169
0.17235169
0.21553922
0.11929494
0.11929494
0.08687432
0.06584413
0.052383617
0.052383617
0.06297377
0.04045363
0.049703795
0.049703795
0.014953245
0.015922386
0.023389034
0.023389034
0.024545087
0.02008263
0.02008263
0.017657641
0.023347918
0.14178433
0.11100133
0.11100133
0.052507248
0.059513517
0.031031318
0.031031318
0.032816887
0.03455229
0.012643888
0.012643888
0.040355776
0.03325045
0.025662955
0.025662955
0.02601005
0.02237968
0.020922896
0.048258413
0.048258413
0.041428152
0.04085383
0.04085383
0.04529572
0.05832931
0.095674686
0.095674686
0.12394396
0.09976348
0.1034015
0.10996124
0.10996124
0.11175055
0.13462771
0.10722196
0.1119845
0.09154161
0.07968079
0.040189706
0.040189706
0.035983227
0.049902067
0.049902067
0.08644071
0.060270466
0.06076059
0.059888586
0.059888586
0.068949826
0.094873555
0.25421867
0.25421867
0.393913
0.2352173
0.28104874
0.28104874
0.19254561
0.12011712
0.20270354
0.20270354
0.12474393
0.11798859
0.12204129
0.12981167
0.12909421
0.11887974
0.14967941
0.14967941
0.09757994
0.09757994
0.09726745
0.055189934
0.033757772
0.033757772
0.028061735
0.08003963
0.28543478
0.31475636
0.31475636
0.27711037
0.24540097
0.24497646
0.21886012
0.1442518
0.17490333
0.09324905
0.09324905
0.09154464
0.09204433
0.09513977
0.0922923
0.0922923
0.09156515
0.08781429
0.06059233
0.06059233
0.022938361
0.02082042
0.015928317
0.015928317
0.017830152
0.24818012
0.24818012
0.27241847
0.30228254
0.2262222
0.2162294
0.2162294
0.2162294
0.11654154
0.08310714
0.09798494
0.09798494
0.075559944
0.0319701
0.0319701
0.02595155
0.02486347
0.023067033
0.02479278
0.02479278
0.023921395
0.020480826
0.019352226
0.015652826
0.012777055
0.012777055
0.012777055
0.013191041
0.012225568
0.013250018
0.013250018
0.012375411
0.012375411
0.044197373
0.12569271
0.119140424
0.081253946
0.081253946
0.056167107
0.036300696
0.02932012
0.036345467
0.043034475
0.07028663
0.07028663
0.054833487
0.04131386
0.07226456
0.11722888
0.11722888
0.30884042
0.30884042
0.23585033
0.23585033
0.24801414
0.25174442
0.24247932
0.24247932
0.21629813
0.2780451
0.2780451
0.24175654
0.26304042
0.27418035
0.28700262
0.28700262
0.27148068
0.2678175
0.23143175
0.23143175
0.25244328
0.28215486
0.244248
0.244248
0.22832893
0.2088511
0.21511334
0.21511334
0.21888825
0.21756306
0.19263025
0.19429693
0.19429693
0.20134318
0.2221588
0.46144956
0.4996171
0.4996171
0.27274185
0.17603578
0.25718096
0.25718096
0.3092112
0.23563994
0.22913672
0.22913672
0.3002295
0.31347793
0.27538568
0.27538568
0.24489066
0.26864454
0.27055332
0.27055332
0.23393914
0.21214801
0.21214801
0.236516
0.19894937
0.29581806
0.428608
0.428608
0.41126472
0.24773607
0.36942136
0.36942136
0.290167
0.28893784
0.29226395
0.29226395
0.25436342
0.20089786
0.22204706
0.22204706
0.20814891
0.20814891
0.23746718
0.23746718
0.23692107
0.22567979
0.22571868
0.16254447
0.16254447
0.22061008
0.25183466
0.40351814
0.40351814
0.31089216
0.45469674
0.19696029
0.1491583
0.1491583
0.16274881
0.14522076
0.20488754
0.20488754
0.1871444
0.19301747
0.12367027
0.12367027
0.10405328
0.06762381
0.07780076
0.06430008
0.06430008
0.04807638
0.041007783
0.020808619
0.022168491
0.022168491
0.018042976
0.018042976
0.01690883
0.022386411
0.0130352555
0.0130352555
0.014527743
0.03471526
0.067858174
0.15252212
0.15252212
0.106177375
0.06507321
0.047880348
0.047880348
0.040034503
0.05312206
0.04833079
0.04833079
0.054827645
0.05932367
0.05932367
0.028075283
0.02421005
0.041427664
0.026213402
0.026213402
0.026213402
0.044726323
0.05521078
0.042499013
0.049611162
0.049611162
0.1544837
0.14962506
0.13756283
0.13756283
0.1338653
0.1338653
0.13032895
0.13032895
0.1018612
0.10286426
0.09763485
0.09763485
0.10201602
0.07124156
0.03456095
0.03456095
0.026047714
0.026047714
0.038061105
0.06516333
0.048854616
0.060492344
0.060492344
0.039654985
0.07441116
0.06898697
0.06898697
0.38899612
0.26900086
0.26900086
0.25326514
0.18133773
0.12341241
0.10919376
0.15489188
0.28169945
0.20362356
0.2443046
0.2443046
0.25104564
0.21225154
0.13021767
0.105131075
0.105131075
0.105131075
0.05295156
0.047698673
0.039060526
0.039060526
0.031844404
0.064629674
0.24482137
0.3943149
0.26536778
0.26536778
0.283177
0.21120116
0.21120116
0.13521042
0.12092466
0.14822951
0.14822951
0.12036597
0.11307836
0.13339923
0.13339923
0.11060481
0.10190443
0.060286336
0.042630166
0.042630166
0.027452972
0.024705669
0.02419229
0.02419229
0.048300415
0.20574223
0.20574223
0.3541265
0.32327163
0.26891276
0.17951708
0.17951708
0.11695381
0.097201824
0.10711692
0.10711692
0.070087366
0.06437763
0.038292613
0.038292613
0.038601078
0.02826358
0.02623023
0.02710726
0.02710726
0.022538474
0.024634134
0.022572484
0.017901283
0.017901283
0.017823812
0.009103062
0.013874285
0.013874285
0.015271041
0.016445873
0.018445896
0.018445896
0.025841925
0.08053322
0.08258039
0.06508703
0.06508703
0.024340319
0.06074667
0.06074667
0.029690228
0.020146579
0.020146579
0.018041525
0.07045856
0.07045856
0.053243496
0.027033653
0.040309913
0.2894142
0.2894142
0.26185644
0.25057554
0.2236475
0.2236475
0.23346825
0.2398446
0.24006808
0.24006808
0.28115115
0.24096432
0.24096432
0.24844337
0.22913608
0.2342874
0.22821806
0.22821806
0.22842911
0.24289232
0.20595194
0.20595194
0.22560593
0.2276826
0.22265762
0.22265762
0.22404319
0.21408483
0.23214923
0.23069888
0.23069888
0.22040667
0.22226177
0.22298567
0.44237357
0.44237357
0.3954316
0.48178092
0.18357293
0.18357293
0.15571965
0.19614004
0.34158176
0.34158176
0.43096215
0.43091238
0.24539575
0.31645685
0.32625693
0.32625693
0.3043133
0.29438117
0.3005043
0.22368915
0.22368915
0.2446552
0.23784262
0.23784262
0.24710056
0.26745722
0.38212544
0.43993068
0.43993068
0.261239
0.39869112
0.3751248
0.3751248
0.29845268
0.23781742
0.2099571
0.2099571
0.24614501
0.2017411
0.20429987
0.20429987
0.2316017
0.19728105
0.19728105
0.20704629
0.24942291
0.22319913
0.22319913
0.19948938
0.2040783
0.25425482
0.25425482
0.3973848
0.4222816
0.4222816
0.31074098
0.10135511
0.10135511
0.12746243
0.16162735
0.16162735
0.09334394
0.1671824
0.12860145
0.12860145
0.12163986
0.08355653
0.06911499
0.060506806
0.060506806
0.06623209
0.061666522
0.03782015
0.034604684
0.030491417
0.030491417
0.019135918
0.019135918
0.021238875
0.01816873
0.020011825
0.020011825
0.014624732
0.02610806
0.12738073
0.12738073
0.17014217
0.13817418
0.11891618
0.09114087
0.09114087
0.11223682
0.15969229
0.07899261
0.08503373
0.091260344
0.063146986
0.0435781
0.032590557
0.024932161
0.029199287
0.04530076
0.04530076
0.05066943
0.04071061
0.039219104
0.039219104
0.055643946
0.05298225
0.05298225
0.14963153
0.12518474
0.12736008
0.12736008
0.15265575
0.17394702
0.16141501
0.13450873
0.13450873
0.13932145
0.10845642
0.10938573
0.10938573
0.11398965
0.07243889
0.025249865
0.025249865
0.032817017
0.012631322
0.024722029
0.024722029
0.021058932
0.024125788
0.017873824
0.017873824
0.12673979
0.33215278
0.2572112
0.2572112
0.28323203
0.17256865
0.1087392
0.1087392
0.13111448
0.08561238
0.0903897
0.08864864
0.08864864
0.091236964
0.08840039
0.09262782
0.09262782
0.073207706
0.08094612
0.061315484
0.061315484
0.05130867
0.030414362
0.030414362
0.025386121
0.32913327
0.3491491
0.24833557
0.24833557
0.25339755
0.22648324
0.22648324
0.13373265
0.091682255
0.091682255
0.04584109
0.032160286
0.023722036
0.023722036
0.018911181
0.021284211
0.037352826
0.060860515
0.060860515
0.042574987
0.026978374
0.026678875
0.045537777
0.04971036
0.079099044
0.25668445
0.25668445
0.41421783
0.25261882
0.31362888
0.31362888
0.16427362
0.12595597
0.21750905
0.16468199
0.14096028
0.14096028
0.13847247
0.13585475
0.13424732
0.106971234
0.05414682
0.05414682
0.06635855
0.038668625
0.042718843
0.058854856
0.058854856
0.035070226
0.01795529
0.029029988
0.029029988
0.030419532
0.07039963
0.07039963
0.048810497
0.044241983
0.03555753
0.043935455
0.043935455
0.043935455
0.09101559
0.050768554
0.030182172
0.066853434
0.05074712
0.05074712
0.05074712
0.059622068
0.07900844
0.075432315
0.075432315
0.06969435
0.05553704
0.1235328
0.1235328
0.32116273
0.29590383
0.25940007
0.227766
0.227766
0.2477518
0.22362404
0.21467775
0.21467775
0.35218528
0.2855217
0.24856158
0.24856158
0.27171278
0.29429767
0.2570852
0.24460773
0.24460773
0.2924313
0.2268624
0.21314894
0.21314894
0.1982422
0.22954638
0.25521415
0.25521415
0.1638488
0.20703794
0.21760905
0.21760905
0.18789214
0.20363046
0.22131532
0.31244683
0.31244683
0.37004858
0.37829518
0.15126331
0.15126331
0.22355556
0.26817977
0.2232189
0.2232189
0.2770268
0.23419063
0.2137762
0.2137762
0.27416673
0.25524244
0.26761168
0.26761168
0.24176309
0.19138099
0.20870757
0.20870757
0.20807107
0.18183282
0.22739875
0.22739875
0.30367386
0.44949293
0.3498466
0.3649624
0.3649624
0.42664564
0.32479882
0.28200477
0.28200477
0.255088
0.22951232
0.22951232
0.21662176
0.21418943
0.20901246
0.22679621
0.22679621
0.24160373
0.24170631
0.23470986
0.23553991
0.23553991
0.20226696
0.20840481
0.20840481
0.31536523
0.4389428
0.31791264
0.31791264
0.37603244
0.20604232
0.11442532
0.17884059
0.17884059
0.123348266
0.17884782
0.140074
0.140074
0.21971442
0.12831292
0.097859226
0.097859226
0.056741334
0.057045955
0.070442334
0.070442334
0.050198507
0.037027836
0.02843371
0.024014935
0.024014935
0.026794784
0.021118168
0.028709706
0.028709706
0.020154782
0.014134542
0.014134542
0.03621134
0.12314165
0.09503767
0.079732
0.079732
0.052275486
0.051418465
0.065086484
0.065086484
0.07042588
0.09319857
0.09676984
0.09676984
0.074637294
0.07559036
0.07673653
0.09425699
0.09425699
0.071520254
0.09443943
0.045304112
0.032976016
0.032976016
0.024612438
0.021257643
0.14093766
0.14093766
0.096444935
0.101122014
0.086910926
0.086910926
0.09272607
0.10292462
0.0971325
0.0971325
0.10296126
0.09217998
0.08976816
0.08976816
0.036826078
0.025599744
0.024416406
0.024416406
0.06343246
0.008247581
0.008247581
0.023290716
0.023831252
0.013131337
0.024455806
0.024455806
0.14801867
0.30372477
0.26173475
0.26173475
0.24527864
0.19245239
0.19245239
0.10613817
0.123900644
0.123900644
0.29187807
0.35086462
0.2159871
0.2581452
0.2581452
0.2581452
0.17567217
0.12814201
0.13488129
0.09942655
0.064706266
0.046802077
0.046802077
0.028038224
0.05260472
0.15802953
0.29140288
0.29140288
0.298187
0.2229734
0.18176727
0.12515435
0.12515435
0.12515435
0.18918046
0.18239012
0.11200587
0.11200587
0.14279987
0.12808275
0.12425174
0.12559682
0.096180856
0.096180856
0.040803198
0.046746656
0.05975788
0.05975788
0.044191584
0.04857404
0.1983788
0.1983788
0.1983788
0.43076777
0.32117078
0.44219014
0.3649048
0.3649048
0.29085287
0.2792244
0.29338297
0.29690307
0.29690307
0.27944806
0.19889356
0.20463827
0.20463827
0.2418427
0.24416408
0.24416408
0.23630029
0.24555123
0.2077854
0.22930667
0.22930667
0.24618451
0.21167526
0.21167526
0.22240412
0.22580451
0.21668558
0.21668558
0.21205214
0.23055096
0.23055096
0.2356882
0.23403303
0.22785899
0.21795855
0.21795855
0.21248758
0.23709725
0.18817548
0.18817548
0.18817548
0.22041072
0.21585532
0.21585532
0.20740454
0.2021106
0.21155354
0.21155354
0.21167335
0.22053543
0.2163247
0.21601367
0.21601367
0.22144052
0.19572712
0.2912389
0.2912389
0.27026275
0.24792694
0.25028455
0.2538643
0.2538643
0.30012667
0.27101144
0.24875805
0.24868807
0.24868807
0.23141882
0.24733582
0.2543643
0.2543643
0.21457675
0.22873388
0.22873388
0.20328428
0.20421293
0.21510004
0.21130535
0.21130535
0.2036666
0.20041132
0.17917146
0.17210583
0.17210583
0.13991337
0.14352082
0.13399181
0.13399181
0.12059525
0.21586768
0.21586768
0.19446948
0.15178369
0.1258699
0.106669515
0.106669515
0.10761506
0.08836497
0.050714184
0.050714184
0.05595413
0.054739118
0.051510587
0.051510587
0.036969684
0.044951692
0.042643882
0.042643882
0.041734915
0.031305395
0.032530818
0.039894864
0.039894864
0.035303026
0.03978887
0.050182693
0.050182693
0.053141985
0.051899854
0.042270064
0.042270064
0.043943077
0.044434685
0.04065647
0.042341806
0.042341806
0.046406627
0.05038239
0.04243353
0.04243353
0.34050158
0.58460927
0.37416378
0.37416378
0.4292299
0.6709024
0.3957061
0.533882
0.533882
0.533882
0.37701148
0.5625303
0.55736756
0.29657483
0.23616283
0.5913137
0.37402308
0.37402308
0.31846827
0.5108618
0.5108618
0.1973881
0.50946724
0.27433178
0.30033448
0.30033448
0.45233232
0.29924297
0.2819934
0.2819934
0.39730552
0.23386091
0.38820222
0.38820222
0.24921356
0.21044928
0.24886085
0.24886085
0.1899913
0.23103938
0.17148326
0.20316821
0.20316821
0.19139135
0.2022512
0.18750957
0.15339938
0.15339938
0.15839076
0.13800314
0.13800314
0.124434106
0.13211213
0.13211213
0.12669507
0.09717693
0.11242714
0.089083105
0.08406463
0.09612784
0.0931077
0.0931077
0.08820459
0.07483403
0.07548124
0.07548124
0.05957285
0.061166245
0.05099988
0.05099988
0.051777847
0.0511822
0.04645487
0.04645487
0.038844615
0.033395946
0.032112814
0.032112814
0.025093831
0.025093831
0.022557434
0.01728983
0.018142803
0.01237755
0.012331776
0.012331776
0.012331776
0.008264871
0.006389249
0.004449253
0.0038672392
0.0013105059
