4
272
542
1080
1166
1190
1216
1300
1325
1353
1434
1458
1485
1622
1704
1729
1754
1838
1863
1889
1972
1981
2000
2024
2107
2115
2132
2157
2242
2267
2294
2376
2402
2428
2461
2511
2519
2524
2536
2562
2611
2701
2721
2746
2834
2858
2881
2914
2940
2965
2991
3017
3101
3127
3150
3167
3175
3191
3217
3236
3259
3285
3369
3394
3420
3452
3478
3504
3529
3553
3780
3815
3852
4314
3889
3948
4083
4395
4420
4445
4529
4555
4580
4664
4676
4689
4717
4809
4849
4800
4828
4933
4959
4984
5070
5093
5120
5203
5212
5228
5256
