870
896
941
1014
1041
1139
1158
1184
1229
1302
1328
1428
1445
1473
1517
1589
1617
1716
1734
1761
1805
1878
1906
2003
2021
2048
2094
2150
2166
2192
2240
2295
2309
2336
2381
2453
2483
2528
2437
2553
2580
2597
2625
2672
2725
2742
2768
2813
2869
2912
2888
2960
3012
4722
3176
3209
3246
3285
3318
3353
3390
3426
3462
3497
3533
3572
3606
3642
3677
3713
3753
3787
3822
3860
3893
3930
3966
4003
4038
4073
4109
4146
4181
4221
4253
4292
4325
4362
4397
4436
4470
4508
4544
4578
4613
4650
4686
4741
4757
4785
4830
4886
4902
4928
4973
5027
5046
5072
5117
5144
5171
5190
5217
5261
5316
5334
5359
5405
5460
5477
5504
5550
5603
5623
5648
5693
5723
5747
5766
5792
5838
5894
5910
5937
5982
6038
6054
6081
6125
6180
6197
6251
6305
6341
6468
6476
6487
6541
6596
6629
6737
6776
6756
6764
6745
6827
6882
6917
6971
7044
7052
7062
7088
7116
7205
7236
7259
7351
7386
10259
10301
10372
10404
10502
10517
10544
10589
10661
10692
10787
10804
10832
10877
7422
7458
7493
7529
7569
7601
7637
7673
7709
7748
7781
7817
7853
7889
7928
7964
7999
8036
8071
8105
8141
8179
8213
8249
8285
8322
8358
8397
8429
8468
8501
8537
8573
8612
8646
8681
8717
8753
8791
8825
8861
8897
8933
8972
9005
9042
9077
9113
9149
9186
9223
9257
9293
9329
9365
9400
9437
9473
9513
9545
9584
9618
9653
9689
9725
9761
9797
9833
9873
9905
9941
9977
10016
10048
10088
10121
10157
10196
10231
