29
56
85
114
144
172
201
229
259
288
317
346
375
405
433
463
492
522
549
579
608
637
665
694
724
753
782
811
841
869
899
928
956
985
1013
1042
1072
1101
1130
1161
1188
1217
1247
1275
1304
1333
1363
1391
1421
1450
1478
1507
1537
1566
1594
1623
1653
1681
1710
1739
1769
1798
1827
1856
1885
1914
1943
1972
2001
2031
2059
2088
2117
2147
2175
2205
2233
2262
2291
2321
2349
2379
2407
2435
2466
2496
2524
2552
2581
2610
2640
2669
2698
2727
2756
2785
2814
2843
2872
2901
2931
2959
2988
3017
3047
3074
3104
3134
3163
3191
3220
3250
3279
3308
3337
3366
3394
3423
3453
3481
3511
3541
3569
3598
3627
3656
3685
3714
3743
3773
3801
3830
3858
3888
3917
3945
3975
4005
4033
4062
4091
4121
4150
4179
4208
4237
4266
4296
4323
4352
4381
4411
4441
4470
4498
4526
4555
4585
4614
4643
4673
4701
4731
4758
4787
4816
4845
4876
4904
4933
4963
4992
5020
5049
5079
5107
5136
5165
5195
5223
5253
5281
5311
5340
5368
5398
5427
5456
5484
5514
5542
5573
5603
5631
5658
5688
5716
5746
5775
5805
5833
5863
5891
5921
5949
5979
6008
6038
6048
6062
6096
6122
6151
6179
6209
6238
6270
6297
6330
6354
6384
6411
6442
6470
6500
6527
6556
6586
6618
6643
6676
6705
6733
6762
6792
6821
6850
6879
6907
6953
6964
6979
6935
6992
7022
7051
7080
7109
7139
7170
7226
7199
7257
7282
7312
7341
7371
7399
7428
7457
7491
7516
7544
7573
7601
7631
7661
7691
7719
7747
7778
7806
7835
7863
7893
7922
7951
7979
8010
8038
8068
8096
8128
8155
8187
8213
8241
8270
8299
8327
8361
8386
8417
8445
8474
8502
8532
8560
8593
8619
8652
8677
8709
8735
8763
8792
8822
8850
8881
8910
8938
8966
8996
9026
9056
9082
9116
9141
9170
9198
9227
9256
9284
9317
9342
9372
9400
9430
9461
9489
9519
9547
9578
9607
9636
9663
9679
9693
9710
9722
9751
9782
9810
9839
9868
9897
9928
9955
9985
10014
10043
10072
10101
10129
10158
10187
10216
10245
10275
10304
10333
10362
10391
10421
10449
10479
10508
10536
10566
10595
10624
10653
10681
10710
10740
10767
10798
10827
10856
10884
10914
10943
10972
11001
11029
11059
11088
11118
11146
11176
11204
11233
11262
11290
11321
11349
11379
11407
11437
11466
11495
11523
11553
11583
11610
11639
11667
11698
11726
11755
11785
11813
11843
11872
11901
11928
11958
11988
12017
12046
12075
12103
12133
12162
12190
12220
12249
12279
12308
12337
12365
12394
12423
12450
12480
12510
12539
12568
12597
12627
12655
12686
12714
12742
12773
12801
12829
12858
12886
12917
12945
12975
13005
13033
13063
13091
13120
13149
13179
13207
13237
13265
13295
13323
13352
13380
13410
13439
13470
13497
13527
13555
13584
13614
13643
13673
13700
13729
13760
13788
13818
13846
13876
13904
13933
13959
13989
14020
14047
14076
14104
14133
14163
14193
14221
14250
14280
14308
14338
14366
14398
14424
14457
14485
14512
14544
14574
14601
14630
14657
14689
14717
14748
14773
14805
14835
14865
14889
14923
14950
14978
15008
15037
15068
15092
15120
15154
15178
15207
15239
15266
15299
15325
15354
15384
15414
15445
15469
15503
15528
15565
15586
15617
15645
15676
15702
15735
15761
15793
15817
15850
15878
15907
15935
15965
15994
16007
15892
15774
15658
15541
15427
16023
16034
16052
16081
16110
16124
16139
16167
16196
16228
16255
16282
16315
16340
16370
16398
16428
16457
16486
16514
16544
16574
16603
16631
16661
16690
16703
16721
16710
16728
16750
16778
16806
16835
16864
16892
16922
16949
16979
17007
17036
17065
17095
17124
17153
17182
17211
17240
17271
17299
17329
17357
17387
17414
17447
17473
17501
17532
17560
17590
17621
17651
17675
17706
17736
17765
17793
17821
17851
17881
17909
17936
17966
17995
18025
18053
18087
18125
